18
2
96
987210
0.21
병원
27
0.55
볼펜
24
640
9
3
5
78.50
22
4
6
135
5
318
5.41
5.62
750
15
17.27
77
182
4
360
26
여학생
2576
1550
5000
1000
6
15
정현
1.91
57.17
4
42
33
9000
9
10
7.16
3.10
6
25
600
706.50
500
60
40
30
12
250
315
3
19
1
7.50
38
2.21
5
96
6
40
12
90
33
7300
0.07
68
40
80000
12
585
0.46
호정
3.12
650
20
모기장
0.40
76542
10
과학
32
17
3
4
1235
7
12
10
66
수정
19
765
8
56
A
7
51
나은
83
74.20
카라멜
헹굼
18
195
9000
6
20
15
212
4
57.22
2
390
7000
27
0.27
1946
2000
64
7
25
수조
18.78
2
72
67
9
13
23
80
135678
4
64
583
8
60
14
30
보라
5
35
2
1413
16
10
효정
352
5
865321
민지
70
678
11
20
부채
117
96
45
3
2500
4
250
205
12
40
17
2
3
11
100
6
165
1002
오늘
90
15.50
10
51
5
3200
1308
0.93
0.19
324
1046
1507
88
520
550
6.16
57500
365.04
17
B
66.30
9
3
5
19.04
166
0.05
80
86
22.10
195
7
A
2213
47
63
28
24
5000
1110
1.62
3
78
491
현호
5600
90
905
8
7
11.70
10
3
나은
15120
160
50
16928
110
132
2000
28
2444
8
다크 초콜릿
96000
2.67
2
2
56
6
28
31
기차
256
9
84321
5000
8
52
63
399
8
111
1
16
132
감
16
6.25
34
20
20
7.10
34.57
718
910
51
300
660
9
0.04
80
8
10
0.46
2.25
792
540
3
192.60
6
0.33
120
73
A
1234567
1320
15
24
19
6.41
28
75
106
982
2.50
15
1120
204
14.17
9
12
0.70
456
14.84
114
95
16
5
16
서진
1.28
7
9
20
40
0.69
3
주전자
1700
4
12000
3
600
36
56.32
과학
24
2070
45
6
17
39.20
3000
160
64
6
15.03
대한
51
56
준혜
2100
3
21
30
1
2178
2.10
360
3
293
15
28
15.29
215
60
48
45000
중수
58
68
32
3.30
38
157
9860
24
0.14
30
30
95321
30
90
33
50
3
40
2
3.20
0.02
63180
9
37
21
36
3.90
37
32
24
300
50
8
6
10000
10
36
89
현아
6
160
5.93
8
45
31
9
34
1098
65
20
330
10
학교
95.40
4.53
14.13
수애
20
1560
8
24
9
0.48
150
7.20
0.23
나
2
2
600
80
11
1
6
14
재윤
40
B
9
15
21
11
2.78
1.68
7
11500
500
4
14550
서점
125
10
60
5.63
85632
33
12
78.40
7
5118
352
18.40
1667.96
40
7
1240
36
150
32.22
7
19
2.40
523
5
12
305
27
29
3
20
56
50
준희
90
수학
12
현수
976510
5
1.90
2
8.88
0.2
10
100
재호
6.19
1.56
1350
657
140
윤서
51
2
23
217
14050
80
6
24
105
1126
8
D
44
1165
20
영진
141
3
4
1260
16
392
다
84
98.23
소설책
3
9
72
6
2
20
660
17
20
204
9
23.51
32
64
120
1575
20
18
9.82
8
22
5
7
7.02
50
36
3150
1500
7
3
3024
6
78
0.06
908
19
9
1500
50
256
3
100
33.33
견우
264
7
16
400
13
1
15.87
6
승수
72
60
96
341
2.50
28
3
11.71
6.08
544
7
10
441
48
8
7.12
9
21
22
22
지민
172
960
200
5
30
10
60
72.83
36
6750
유정
889
민진
194
1100
40
세찬
30
11
43.96
7170
4
46
250
97
162
5
104530
16
50
재하
10
279
18
196
39
149
30
70
60
7
50
1737
자동차
110
24
6
22500
10.40
128
7
9
120
6
9
38.16
40.99
685
12.60
74
3
75310
26
8.40
지혜
0.10
99
20
1040
2500
6
5.83
강현
30
7
7
50000
찬우
8
352
0.60
300
5509
98
18
15
70000
영어
5
8
4100
0.28
5
10
6.63
40
6
5
45
0.11
16
2400
44
63
17480
663
6
32.50
1
1000
44
192
20
160
600
3
110
760
15
3710
729
157
4350
102
1200.76
331
3
10
28
70
4
36
8
844
지석
12
주은
10
1
11
14
7
12
558
139
75
0.77
3.90
10
A
178
12
15
9
0.25
5
215
2789
969
0.33
4
21
204
48.60
20
1015
9
82
12
100
16
140000
22
20
15
49400
860
34
13
8
13
6000
5
2994000000
6000
8
7
10000
95
80
B
0.93
2826
25
10
4
120
1200
46
120
12
20
25
6
10
44
1.09
76
2
3160
16
5
36
20
252
3000
90
18
28
5
4.50
24
987654321
26640
6
67.68
9
4
0.74
56
0.25
4.30
24
피자빵
25
14
10
2
66
294
33
693
12
6
110
1248
720
45
876531
515
381
30
111.22
48
626
24
0.16
49
48
3
1200
3
수연
209
25
100
10
3
54321
38
912
4
13
50
2.68
35
32
3
20
475
28
37
12
현진
0.23
4
1
6
2000
1
660
2030
2
289
15
민현
4
1.23
10
13
17
204
90
15
77
5
18
9
40405.84
42
90
17
4
111100
20
12
12
35.36
일등
B
4
5
600
484
124.20
10
은진
400
899
76.92
285
36
20
10
6
국어
156.35
21
900
3
4
35
10
2
12.10
120
1550
7
27
9
7750
10.60
48
3
6
152
320
1.20
수환
50
8
3
6
40
19
20
0.76
진석
물
1
14
30
2
137
48
15
13
8
20
색연필
5
8
11
80
사탕
8060
10
수학
24
148
21
3
98
483.61
20
7
3.14
6500
60
135
5248
40
11.39
30
9
12
23
사회
4
1018
인수
1.62
13
158
9
B
30
8
792
108
3298
55
15
165
112
5
9
10
35
225
20.25
32
6
40
200
15
62
12
5000
30
27
7
4
97521
24
200000
3.62
봉
295
나영
48
0.50
14
43
5
34
2
222
3
11.10
437
10
1
70
26
175
나
가
20
3
4569
8.80
10
15
9
202.52
30
36
37
14
84
720
2670
성준
11
7
46
2
73000
14
5
100
20
324
15000
3
1
140
4
1410
480
0.70
5
12.11
25
256
189
17
9.90
19.82
1446
12
999
30
A
81
8
5
66
11
영어
17
15.75
52
100
10
5
13
8200
200
2.89
20
1.61
4
0.24
2
A
52849
4.50
800
55
656
60022
1240
0.67
13
10
13.70
6
230
450
1000
20
8
0.62
2.47
5
63
2
350
0.23
60
3750
17
14
2.12
16
2
528
52380
24
66.30
140
22
18
112
2
11
144
나나
150
42
대현
9
111
25
460
단추
4179
451.08
13
18
5
895.60
87
370
9
90
3.40
32
29
24
140
샤프심
1056
475
1665
25679
0.75
240
500
9
640
26
16
2
4
0.72
325
1000
46
1.39
12.50
명진
38
C
3
8
60
110
9.08
13.72
12
96
4.05
620
36
토마토
주전자
803
1.61
1.80
보리쌀
10
1.50
32
5890
22.22
700
68
126
90
40
64
12
1300
15
58
1796400000
10
4
3300
120
38
20
3060
90
90
35
3075
국어
5
9
6
33
4
162
20450000
750
5
9
0.96
12
8800
225
24
222
1998
3
초콜릿
10
1000
840
9
95210
91
15400
312
1
19
177
9975
5.10
민정
9
560000
48
224
14
28
수학
1
2
108
0.89
286
285
56
윤지
4
20
72
945
130
97531
99
9
38
72
158
650
11
1.79
민재
10
8
5
9
13
75
4
718
민서
295
0.16
승현
8.78
40
286
4
25
25
4498
48.96
3
3
7
42000
21
76.50
형
5
5
140
20
1.62
164
96
4
6
16
13569
윤석
10
3.77
112
8
1100
228
9
13
360
12
70
12900
6
497
478.04
9.86
한서
0.40
4
171
8
22.12
6
1.14
38
7
56
0.11
92
48
13
56000
330
32.40
114
16
3
사과
92
8
10
60
3.48
2000
13.60
48
68
동화책
돌
150
213
176
518.72
5
10
1.10
1200
10000
5
12
6
9
115
48
225
156
버스
6
희진
17
18
504
62
720
888
120
98753
480
60
68.40
2.89
3300
B
45
4.80
140
1622
1.25
9
3
42
285
20
78
6
180
500
25
15
3368
영미
100
210
37
96
20
468
52
100
358
16
193.21
30
90
12
96
3
969
5
1.02
89160
105
0.89
6
128
72
6
1136
13
1500
121
36
71.60
10
13
2032
5.20
2
16000
7.2
12
326.92
사라
39
10
80000
27
22
53
0.70
3.11
26
54
5292
1
47
266
6
배
8
7
314
27
1.80
740
11
527
세민
3
60
10
3.75
42
2000000
986.96
28.90
8
100
465
0.02
7
1
180
15
3
7
34
30
1600
8
35
448
3
9
4
1200
8.73
111
0.60
0.28
3
1.89
300
38.85
5
144
777
2600
3
방울토마토
700
30
28.33
9
121
96
1180
132
20
6
70
56.55
96
14
138.07
13
주영
40
C
24
25
24
유현
2844
16.80
0.60
48.96
11
420
180
6
372
90
12
214
240
152
171
24
48.67
709
A
8
18
4
16
20
4
8
23
59.14
88
36
72
45
2
16
9
92.31
25
58
6
39
5
48
4
6
23.20
30
45
12
126
0.39
56
156
9
20
400
3
3
138
288
39
1110
1269
17
8
13.50
8
801
29
32
8.10
23800
36
15
84
4
우진
해마
36
6
36
5
3
102
기정
300
성윤
8
9
2
4735
5
121
32.92
3000
9500
8
13579
702
8
44
6.67
20
4
193
225
64
30
9
54
5
111
1000
32
33
11
6
24
24.75
6100
16
2
33.60
25
11
13.20
90000
12589
27
78
5
7.68
9
50
22
43
7
3
18
12
973
62
36
6
2
652
20
0.80
1381
15
13.35
7
5000
82
72
2
14
34
8
6.50
495
70
3200
1234
160
6600
48
7
11.10
60
32
350
>
0.90
21
38
11
56
4
21
6.10
9
117.99
13
57
350
4
220
9
14.40
72
50300000
72
어머니
200
0.225
학교
3010
유정
수민
<
18
17
현수
900
승우
4000
5
72
25
45
34
10
875
1500
1.20
715
7
3773
900
510
5
176.62
72
4
170
525
18
11.10
15.30
17
60
8600
670
2
20
144
47.28
22
5.95
6660
A
384
2000
170.60
20
15000
511
16
60
9.89
98651
379
160
22
82
100
15000
15
49
10
1
0.48
24
16
450.08
0.83
29
29
31.20
60
9
792
39
영수
24
828
180
호정
1
40
130
32
78
520
10
10
410
14
24
112
0.22
2000
5
7500
89
56
66
15
132
3
26.32
진수
B
40
2136
11.11
332
72
64
83
0.32
39
4
34
2
70
978
20
23
5
398
1065
31000
108
44
7
240
75
우재
162
5222
4.73
342
20
660000
2
28
3880
3
41
19
7
1610
4
12
0.37
3923.89
21
60
86542
0.35
6
279
5.23
8
12
24
50
74
22
17
5
슬기
17
18
126
0.40
6.71
7
200
120
8900
63
10
28
0.33
6
35
14
13
22.20
2000
12
465
779
88.55
21
846
45
336
7000
374
2375
16
166
56
50
107.52
6
6
12600
341
84
12000000
15
1.93
B
6
207
34
10
72
3.50
24
1290
11
37
2.40
1
6
3
C
12300
42.77
40
441
360
108
준희
32
B
1725
104
10
52
22
594
216
13650
130
10
5
2
24
975
198
500
4
32.90
23
5621
15
4
68
16
6300
36
10
41
54
309
5.73
0.75
B
11
32
11
2
9
18
9
7
10
32
144
0.10
96
810
9930
0.95
32
876541
124
27.50
48
0.68
35
사과
6
865320
6
13
87651
2
28
124
4
8
27
431
754
5
396
39
4
65
18
12
24
81
2
은주
0.77
17
32
50
4
64
22
11
11
45
25
3720
30
28.80
85432
13
13579
5
750
2
254.34
0.45
3.78
2
60
9
15.60
94
200
48
1104
15
1952
65
4
20
2.67
9
187.33
150
0
3.88
2.76
28
18
840
303
325
350
4
약국
15
33
4
78
8
120
20
138.60
32
666
은희
12.75
22
648
3200
14
34.65
문구점
42
750
2500
56.42
1200
4
400
7488
파
80
택규
유성
2.45
5
13
8
41000
6
6
10
2.28
28
32
0.22
64
125
하경
배
332
9
9876
14
42
87621
850
1200
105
765
1
0.23
10
14
396
22
571
56
655
3200
18
10
224
18.84
6
4
소진
105
31
22
4
0.35
87531
500
2585
민정
18
36
4
24
9
5508
A
5
14
22
12
103
14
144
461
93
44.72
483.61
1500
32
8
4.10
10.24
14
31
현주
36
54
548
50
5868
21
450
2550
8.75
12456789
15
245
12
25
10
49
512
5
5
12
1.47
72
875
28
72
14.40
3.14
96
지영
36
5.34
7111
2
30
B
0.19
0.24
12
0.50
0.77
4
2
2412
8
117
48
6
110
354
61
40
241
4
60
10000
27
3
110
144
1.51
148
6
민준
5
20
768
102
98
3
176
0.05
20
1
630
750
50
14
11.10
80.62
114
4
1
57000
1.23
92
334
4.25
52
50
66
1369
77
4
딸기
181.44
64
28
770
은호
5000
90
16
6
16
5
정호
121
180
3
7
14
30
10
2000
24
9
36
10750
117
5
3
48
234
0
3
6.75
C
111.60
기차
1021
16262
1567
60.48
564
1.67
105
26
36
8
승철
36.44
49
500
12.75
12
48
200
32
5.20
256
24
29.67
135
성수
70
A
6579
진우
12
2
오늘
4
4
3300
21.12
12
60
20
955
180
298
8
80
0.30
22
72
98642
14
6
8
25
27
150000
현진
3
9521
120
10
14.31
14
990
26
160
52
192
유진
30
35
125
316
25
135679
40
21
자전거
43.96
동주
10
576
15
24
소정
수영
483.61
3
50
160
4
225
57
8
36
0.10
32
2378
5000
19
9
92
8
1
15
13
52
488
9
2550
20
1451.04
0.23
1086
250
25
44
상현
84
9
14
58
125789
12
6
파란색 구슬
18.80
9861
21
17
0.32
139
97
30
1000
100
6
7.60
2
8
221
3
12
7
5
182
102.28
10
4
C
배
41
5
9000
242
690
64
390
2280
9
3
56
6280
56
39400
15
윤서
5
9
360
A
67
104
15.69
8
7.83
3
324
5600
6
66
64321
781
9832
906
18
8
977
300
0.13
2
93
925
63
800
19
4
40
12
2
5
3
세숫대야
44
1.60
24
104
2.50
48
56
7.24
3
남준
<
3576
4.54
17
저녁
100
54
20
9
765
1291
18
6
10
별빛
12
6
31
52
8
A
200
10000
600
100
83
8
남현
36
11
3.20
0.06
9182
12
20
9
20
72
13
900
98531
1500
16
0.67
60
20
124
0.32
20
14
441
36
3.80
38.8
한국
승수
성균
30
배
68
200
초콜릿
연필
7
세로
66
10
160
16
4
78
84
3763
4
0.40
6
2160
23500
C
15000
5550
122
6
6
15
10
6
1.21
2
0.10
27
1400
2
2
16
10
4
98
80
595
100
10
6
10
100
C
현수
16
현준
반포대교
8542
7020
1400
75
2852.32
89
9
156
200
16
5
30
25
1266
40
34200
6
816
64
10
1000
204
2
0.20
61.59
10
10
121.68
177.76
24
32
4
36
1
3.78
24
5
265
799.44
2
6350
888
7
18
20
144
202
1
23579
30
음료수
41
2
52
7
105
상수
8
4000
223.08
82
2
1
30
489
48
2420
29
686
684250
78
84.54
729
4120
1000
4
